Mean_Absolute_Error   17.523333587646484
Mean_Squared_Error   506.79556725608666
Mean_Squared_Log_Error   0.12275897386603736
[129.66667  123.66667   56.        73.5       71.5      104.83333
 106.        96.66667   87.66667   57.5       75.        80.33333
 130.        98.       121.66667  113.5       55.        37.
  95.        34.5      107.5      130.       118.16667   35.
 115.666664 121.33333   84.16667  104.        61.       115.83333
   4.        73.       100.83333   12.        12.5       25.
  45.        69.       130.        35.        47.5       20.5
  73.33333   71.5       73.5       37.        96.83333   70.
  14.833333  79.66667  130.        55.5       32.5      130.
  85.33333   11.166667 128.        83.33333  125.16667   85.5
  24.        33.5      130.        30.       130.        17.5
 103.         6.        98.        81.5       98.66667   53.
  95.5      110.33333   83.5       15.5       29.       130.
  74.        83.83333    8.5       16.333332  85.        67.
  88.5       92.       114.66667  106.        97.16667   31.5
  11.        22.166668  46.666664  54.5       96.5      130.
  90.83333   94.83333  123.16667   33.      ]
{'Mean_Absolute_Error': 17.523333587646484, 'Mean_Squared_Error': 506.79556725608666, 'Mean_Squared_Log_Error': 0.12275897386603736}
22.512120452238314
1262.5007905960083
