Mean_Absolute_Error   20.35499986052513
Mean_Squared_Error   848.9691896581696
Mean_Squared_Log_Error   0.20016399247305722
[ 29.         42.         23.5       127.        130.        103.83333
  67.333336   43.333336  104.66667   130.         76.        114.5
  86.166664   37.         86.5       130.        130.        115.66667
 106.66667    70.33333    20.         59.5        51.          1.6666666
  52.5       105.66667   124.5       127.         90.         71.
 105.         48.        129.83334    84.         44.5       130.
 130.         19.         18.5        38.5        60.5        79.5
 114.66667    60.        108.          9.5       120.5        42.
  77.33333    19.         82.83333   130.         94.66667   103.
  46.5        93.83333   107.         75.         51.166664   75.5
 130.         75.        130.         25.5       113.         65.16667
 105.        130.        130.        119.         20.5        38.
 130.         68.         56.5        66.         86.5        13.5
  27.5       130.         19.833332    3.5       127.66667   130.
  64.5        21.         96.        130.         46.         32.
  70.5        16.5       130.          3.5        52.5        45.333336
  70.5        14.5        13.         27.       ]
{'Mean_Absolute_Error': 20.35499986052513, 'Mean_Squared_Error': 848.9691896581696, 'Mean_Squared_Log_Error': 0.20016399247305722}
29.137075859773052
7553.6748168468475
